(255, 255, 255) : 1988676
(1, 1, 1) : 410837
(0, 0, 0) : 264161
(254, 254, 254) : 205402
(253, 253, 253) : 105085
(252, 252, 252) : 79962
(251, 251, 251) : 69097
(250, 250, 250) : 60838
(249, 249, 249) : 52892
(248, 248, 248) : 47007
(2, 2, 2) : 46479
(3, 3, 3) : 41792
(247, 247, 247) : 41519
(246, 246, 246) : 37064
(4, 4, 4) : 34840
(245, 245, 245) : 33485
(5, 5, 5) : 30780
(244, 244, 244) : 29484
(6, 6, 6) : 27430
(243, 243, 243) : 26577
(7, 7, 7) : 24397
(242, 242, 242) : 24154
(8, 8, 8) : 21954
(241, 241, 241) : 21775
(240, 240, 240) : 20018
(9, 9, 9) : 19964
(239, 239, 239) : 18325
(10, 10, 10) : 18045
(238, 238, 238) : 16776
(11, 11, 11) : 16425
(237, 237, 237) : 16102
(12, 12, 12) : 14806
(236, 236, 236) : 14578
(13, 13, 13) : 14146
(235, 235, 235) : 13390
(14, 14, 14) : 13031
(234, 234, 234) : 12810
(15, 15, 15) : 12209
(233, 233, 233) : 12199
(232, 232, 232) : 11770
(16, 16, 16) : 11300
(231, 231, 231) : 11165
(230, 230, 230) : 10563
(17, 17, 17) : 10531
(229, 229, 229) : 10321
(18, 18, 18) : 10171
(228, 228, 228) : 10168
(224, 224, 224) : 10049
(225, 225, 225) : 9969
(227, 227, 227) : 9726
(19, 19, 19) : 9584
(226, 226, 226) : 9570
(20, 20, 20) : 9002
(222, 222, 222) : 8965
(223, 223, 223) : 8944
(188, 188, 188) : 8917
(193, 193, 193) : 8855
(221, 221, 221) : 8814
(192, 192, 192) : 8806
(194, 194, 194) : 8763
(220, 220, 220) : 8741
(191, 191, 191) : 8701
(190, 190, 190) : 8700
(187, 187, 187) : 8638
(185, 185, 185) : 8615
(21, 21, 21) : 8565
(189, 189, 189) : 8507
(195, 195, 195) : 8489
(219, 219, 219) : 8483
(184, 184, 184) : 8456
(181, 181, 181) : 8447
(159, 159, 159) : 8429
(186, 186, 186) : 8357
(183, 183, 183) : 8342
(197, 197, 197) : 8320
(182, 182, 182) : 8308
(196, 196, 196) : 8304
(176, 176, 176) : 8252
(198, 198, 198) : 8244
(180, 180, 180) : 8240
(179, 179, 179) : 8237
(200, 200, 200) : 8223
(199, 199, 199) : 8215
(22, 22, 22) : 8205
(178, 178, 178) : 8132
(172, 172, 172) : 8105
(157, 157, 157) : 8092
(158, 158, 158) : 8068
(156, 156, 156) : 8000
(160, 160, 160) : 7992
(177, 177, 177) : 7969
(217, 217, 217) : 7966
(154, 154, 154) : 7956
(218, 218, 218) : 7939
(201, 201, 201) : 7927
(174, 174, 174) : 7904
(171, 171, 171) : 7902
(155, 155, 155) : 7895
(165, 165, 165) : 7883
(175, 175, 175) : 7880
(161, 161, 161) : 7877
(139, 139, 139) : 7874
(163, 163, 163) : 7859
(23, 23, 23) : 7841
(166, 166, 166) : 7829
(162, 162, 162) : 7805
(216, 216, 216) : 7799
(206, 206, 206) : 7738
(202, 202, 202) : 7731
(173, 173, 173) : 7721
(203, 203, 203) : 7707
(204, 204, 204) : 7692
(214, 214, 214) : 7686
(164, 164, 164) : 7666
(205, 205, 205) : 7648
(167, 167, 167) : 7630
(208, 208, 208) : 7622
(169, 169, 169) : 7588
(207, 207, 207) : 7580
(170, 170, 170) : 7566
(138, 138, 138) : 7547
(168, 168, 168) : 7545
(215, 215, 215) : 7522
(212, 212, 212) : 7504
(152, 152, 152) : 7474
(24, 24, 24) : 7454
(209, 209, 209) : 7453
(153, 153, 153) : 7393
(210, 210, 210) : 7309
(151, 151, 151) : 7292
(213, 213, 213) : 7288
(150, 150, 150) : 7267
(134, 134, 134) : 7229
(25, 25, 25) : 7198
(26, 26, 26) : 7184
(130, 130, 130) : 7176
(211, 211, 211) : 7156
(136, 136, 136) : 7128
(146, 146, 146) : 7123
(133, 133, 133) : 7092
(148, 148, 148) : 7084
(132, 132, 132) : 7066
(135, 135, 135) : 7054
(141, 141, 141) : 7034
(131, 131, 131) : 7020
(149, 149, 149) : 7019
(137, 137, 137) : 7017
(129, 129, 129) : 7004
(144, 144, 144) : 6965
(142, 142, 142) : 6896
(27, 27, 27) : 6888
(143, 143, 143) : 6883
(147, 147, 147) : 6874
(140, 140, 140) : 6829
(128, 128, 128) : 6748
(145, 145, 145) : 6718
(28, 28, 28) : 6670
(29, 29, 29) : 6584
(127, 127, 127) : 6547
(126, 126, 126) : 6433
(30, 30, 30) : 6333
(125, 125, 125) : 6326
(124, 124, 124) : 6292
(31, 31, 31) : 6271
(121, 121, 121) : 6211
(118, 118, 118) : 6200
(123, 123, 123) : 6153
(119, 119, 119) : 6139
(122, 122, 122) : 6107
(120, 120, 120) : 6052
(32, 32, 32) : 6018
(116, 116, 116) : 5973
(34, 34, 34) : 5971
(33, 33, 33) : 5944
(114, 114, 114) : 5934
(36, 36, 36) : 5916
(117, 117, 117) : 5875
(104, 104, 104) : 5858
(105, 105, 105) : 5853
(113, 113, 113) : 5788
(35, 35, 35) : 5777
(115, 115, 115) : 5777
(112, 112, 112) : 5761
(101, 101, 101) : 5751
(106, 106, 106) : 5742
(111, 111, 111) : 5737
(66, 66, 66) : 5720
(109, 109, 109) : 5716
(108, 108, 108) : 5713
(103, 103, 103) : 5700
(102, 102, 102) : 5681
(68, 68, 68) : 5679
(37, 37, 37) : 5674
(107, 107, 107) : 5648
(67, 67, 67) : 5641
(100, 100, 100) : 5618
(42, 42, 42) : 5616
(96, 96, 96) : 5610
(97, 97, 97) : 5600
(0, 0, 2) : 5595
(41, 41, 41) : 5594
(38, 38, 38) : 5583
(110, 110, 110) : 5579
(57, 57, 57) : 5577
(58, 58, 58) : 5577
(70, 70, 70) : 5570
(77, 77, 77) : 5560
(82, 82, 82) : 5560
(69, 69, 69) : 5554
(78, 78, 78) : 5546
(99, 99, 99) : 5546
(45, 45, 45) : 5533
(40, 40, 40) : 5525
(89, 89, 89) : 5525
(49, 49, 49) : 5520
(60, 60, 60) : 5501
(64, 64, 64) : 5501
(88, 88, 88) : 5497
(74, 74, 74) : 5494
(93, 93, 93) : 5492
(87, 87, 87) : 5491
(63, 63, 63) : 5489
(61, 61, 61) : 5483
(92, 92, 92) : 5483
(71, 71, 71) : 5475
(54, 54, 54) : 5470
(95, 95, 95) : 5470
(79, 79, 79) : 5466
(98, 98, 98) : 5462
(81, 81, 81) : 5457
(94, 94, 94) : 5455
(52, 52, 52) : 5450
(65, 65, 65) : 5444
(43, 43, 43) : 5438
(86, 86, 86) : 5431
(44, 44, 44) : 5423
(84, 84, 84) : 5422
(85, 85, 85) : 5416
(53, 53, 53) : 5413
(39, 39, 39) : 5405
(76, 76, 76) : 5391
(91, 91, 91) : 5379
(62, 62, 62) : 5378
(50, 50, 50) : 5374
(80, 80, 80) : 5354
(55, 55, 55) : 5347
(51, 51, 51) : 5346
(90, 90, 90) : 5345
(72, 72, 72) : 5335
(46, 46, 46) : 5325
(56, 56, 56) : 5323
(59, 59, 59) : 5294
(83, 83, 83) : 5285
(73, 73, 73) : 5279
(48, 48, 48) : 5258
(47, 47, 47) : 5226
(75, 75, 75) : 5211
(4, 4, 6) : 1054
(3, 3, 5) : 1052
(6, 6, 8) : 1040
(2, 2, 4) : 1037
(5, 5, 7) : 1012
(8, 8, 10) : 987
(1, 1, 3) : 986
(9, 9, 11) : 954
(7, 7, 9) : 945
(11, 11, 13) : 937
(12, 12, 14) : 921
(10, 10, 12) : 889
(14, 14, 16) : 864
(16, 16, 18) : 836
(13, 13, 15) : 822
(18, 18, 20) : 776
(19, 19, 21) : 769
(17, 17, 19) : 755
(15, 15, 17) : 720
(20, 20, 22) : 698
(22, 22, 24) : 654
(21, 21, 23) : 649
(23, 23, 25) : 592
(24, 24, 26) : 591
(25, 25, 27) : 574
(28, 28, 30) : 561
(26, 26, 28) : 546
(29, 29, 31) : 541
(27, 27, 29) : 533
(30, 30, 32) : 517
(31, 31, 33) : 514
(33, 33, 35) : 478
(32, 32, 34) : 465
(34, 34, 36) : 447
(35, 35, 37) : 421
(36, 36, 38) : 421
(38, 38, 40) : 419
(37, 37, 39) : 414
(42, 42, 44) : 409
(41, 41, 43) : 400
(44, 44, 46) : 392
(39, 39, 41) : 389
(50, 50, 52) : 385
(40, 40, 42) : 369
(53, 53, 55) : 358
(48, 48, 50) : 355
(43, 43, 45) : 354
(46, 46, 48) : 354
(45, 45, 47) : 351
(49, 49, 51) : 351
(52, 52, 54) : 349
(57, 57, 59) : 345
(51, 51, 53) : 343
(54, 54, 56) : 340
(61, 61, 63) : 328
(59, 59, 61) : 326
(47, 47, 49) : 325
(55, 55, 57) : 325
(62, 62, 64) : 325
(65, 65, 67) : 321
(60, 60, 62) : 320
(68, 68, 70) : 320
(67, 67, 69) : 315
(58, 58, 60) : 313
(64, 64, 66) : 304
(63, 63, 65) : 303
(56, 56, 58) : 299
(69, 69, 71) : 297
(66, 66, 68) : 294
(70, 70, 72) : 288
(71, 71, 73) : 285
(72, 72, 74) : 284
(76, 76, 78) : 283
(79, 79, 81) : 283
(77, 77, 79) : 280
(85, 85, 87) : 273
(78, 78, 80) : 272
(84, 84, 86) : 272
(73, 73, 75) : 267
(75, 75, 77) : 265
(80, 80, 82) : 261
(83, 83, 85) : 261
(90, 90, 92) : 258
(81, 81, 83) : 254
(95, 95, 97) : 254
(74, 74, 76) : 252
(96, 96, 98) : 250
(89, 89, 91) : 248
(87, 87, 89) : 245
(82, 82, 84) : 242
(94, 94, 96) : 242
(86, 86, 88) : 237
(91, 91, 93) : 233
(98, 98, 100) : 227
(1, 0, 2) : 226
(88, 88, 90) : 221
(92, 92, 94) : 220
(93, 93, 95) : 216
(109, 109, 111) : 211
(99, 99, 101) : 210
(104, 104, 106) : 210
(101, 101, 103) : 206
(102, 102, 104) : 205
(100, 100, 102) : 204
(103, 103, 105) : 203
(105, 105, 107) : 196
(109, 107, 110) : 193
(97, 97, 99) : 192
(102, 100, 103) : 191
(89, 87, 90) : 190
(105, 103, 106) : 190
(112, 112, 114) : 190
(106, 106, 108) : 189
(110, 108, 111) : 189
(108, 106, 109) : 188
(113, 113, 115) : 188
(103, 101, 104) : 186
(96, 94, 97) : 185
(111, 109, 112) : 185
(116, 116, 118) : 185
(123, 123, 125) : 185
(91, 89, 92) : 184
(120, 120, 122) : 182
(95, 93, 96) : 179
(108, 108, 110) : 179
(99, 97, 100) : 178
(112, 110, 113) : 177
(100, 98, 101) : 176
(104, 102, 105) : 176
(107, 107, 109) : 176
(110, 110, 112) : 176
(92, 90, 93) : 174
(111, 111, 113) : 174
(87, 85, 88) : 173
(119, 117, 120) : 173
(124, 124, 126) : 173
(128, 128, 130) : 173
(101, 99, 102) : 171
(118, 118, 120) : 171
(84, 82, 85) : 170
(94, 92, 95) : 169
(106, 104, 107) : 169
(114, 114, 116) : 169
(117, 117, 119) : 169
(98, 96, 99) : 168
(119, 119, 121) : 168
(85, 83, 86) : 167
(115, 115, 117) : 167
(117, 115, 118) : 167
(121, 121, 123) : 167
(133, 133, 135) : 167
(122, 122, 124) : 166
(86, 84, 87) : 165
(107, 105, 108) : 165
(93, 91, 94) : 163
(97, 95, 98) : 162
(136, 136, 138) : 160
(122, 120, 123) : 159
(116, 114, 117) : 158
(120, 118, 121) : 158
(126, 126, 128) : 158
(140, 140, 142) : 158
(130, 130, 132) : 157
(90, 88, 91) : 156
(114, 112, 115) : 156
(134, 134, 136) : 156
(78, 76, 79) : 155
(88, 86, 89) : 155
(121, 119, 122) : 155
(131, 129, 132) : 155
(118, 116, 119) : 154
(127, 127, 129) : 152
(132, 132, 134) : 152
(115, 113, 116) : 151
(131, 131, 133) : 151
(113, 111, 114) : 150
(82, 80, 83) : 148
(160, 160, 162) : 148
(124, 122, 125) : 146
(127, 125, 128) : 146
(129, 129, 131) : 146
(138, 138, 140) : 146
(75, 73, 76) : 144
(74, 72, 75) : 143
(125, 125, 127) : 142
(143, 143, 145) : 142
(147, 147, 149) : 142
(79, 77, 80) : 141
(83, 81, 84) : 141
(142, 142, 144) : 141
(80, 78, 81) : 139
(125, 123, 126) : 139
(135, 135, 137) : 139
(123, 121, 124) : 138
(145, 145, 147) : 138
(129, 127, 130) : 137
(169, 169, 171) : 137
(81, 79, 82) : 136
(128, 126, 129) : 135
(137, 137, 139) : 135
(139, 139, 141) : 135
(141, 141, 143) : 135
(77, 75, 78) : 134
(150, 150, 152) : 134
(159, 159, 161) : 134
(76, 74, 77) : 133
(130, 128, 131) : 132
(151, 151, 153) : 132
(162, 162, 164) : 132
(132, 130, 133) : 131
(176, 176, 178) : 131
(157, 157, 159) : 130
(144, 144, 146) : 129
(161, 161, 163) : 128
(155, 155, 157) : 127
(191, 191, 193) : 125
(167, 167, 169) : 124
(73, 71, 74) : 123
(146, 146, 148) : 123
(148, 148, 150) : 123
(135, 133, 136) : 122
(164, 164, 166) : 122
(165, 165, 167) : 122
(70, 68, 71) : 121
(66, 64, 67) : 119
(152, 152, 154) : 119
(153, 153, 155) : 119
(68, 66, 69) : 118
(126, 124, 127) : 117
(137, 135, 138) : 117
(171, 171, 173) : 116
(172, 172, 174) : 116
(67, 65, 68) : 115
(69, 67, 70) : 115
(177, 177, 179) : 115
(149, 149, 151) : 114
(179, 179, 181) : 114
(61, 59, 62) : 113
(134, 132, 135) : 113
(163, 163, 165) : 113
(173, 173, 175) : 113
(181, 181, 183) : 113
(170, 170, 172) : 112
(188, 188, 190) : 112
(144, 142, 145) : 111
(158, 158, 160) : 111
(182, 182, 184) : 110
(138, 136, 139) : 109
(156, 156, 158) : 109
(133, 131, 134) : 108
(166, 166, 168) : 107
(142, 140, 143) : 106
(186, 186, 188) : 106
(241, 241, 243) : 106
(72, 70, 73) : 105
(136, 134, 137) : 105
(178, 178, 180) : 105
(185, 185, 187) : 104
(62, 60, 63) : 103
(255, 254, 255) : 103
(60, 58, 61) : 102
(184, 184, 186) : 102
(65, 63, 66) : 101
(154, 154, 156) : 101
(187, 187, 189) : 101
(195, 195, 197) : 101
(168, 168, 170) : 100
(180, 180, 182) : 100
(64, 62, 65) : 98
(174, 174, 176) : 98
(175, 175, 177) : 98
(248, 248, 250) : 98
(54, 52, 55) : 97
(192, 192, 194) : 97
(193, 193, 195) : 96
(225, 225, 227) : 96
(71, 69, 72) : 95
(242, 242, 244) : 95
(247, 247, 249) : 95
(56, 54, 57) : 94
(190, 190, 192) : 94
(58, 56, 59) : 92
(199, 199, 201) : 92
(200, 200, 202) : 92
(228, 228, 230) : 91
(234, 234, 236) : 91
(55, 53, 56) : 90
(140, 138, 141) : 90
(141, 139, 142) : 89
(240, 240, 242) : 89
(218, 218, 220) : 88
(221, 221, 223) : 88
(226, 226, 228) : 88
(239, 239, 241) : 88
(243, 243, 245) : 88
(246, 246, 248) : 88
(251, 251, 253) : 88
(63, 61, 64) : 87
(194, 194, 196) : 87
(207, 207, 209) : 87
(209, 209, 211) : 87
(145, 143, 146) : 86
(183, 183, 185) : 86
(198, 198, 200) : 86
(245, 245, 247) : 86
(45, 43, 46) : 85
(212, 212, 214) : 85
(237, 237, 239) : 85
(143, 141, 144) : 84
(253, 253, 255) : 84
(197, 197, 199) : 83
(213, 213, 215) : 83
(244, 244, 246) : 83
(0, 0, 4) : 82
(59, 57, 60) : 82
(214, 214, 216) : 82
(220, 220, 222) : 82
(231, 231, 233) : 82
(47, 45, 48) : 81
(146, 144, 147) : 81
(148, 146, 149) : 81
(50, 48, 51) : 80
(238, 238, 240) : 80
(147, 145, 148) : 79
(203, 203, 205) : 79
(154, 152, 155) : 78
(202, 202, 204) : 78
(206, 206, 208) : 78
(52, 50, 53) : 77
(196, 196, 198) : 77
(208, 208, 210) : 77
(233, 233, 235) : 77
(150, 148, 151) : 76
(224, 224, 226) : 76
(227, 227, 229) : 76
(41, 39, 42) : 75
(139, 137, 140) : 75
(205, 205, 207) : 75
(229, 229, 231) : 75
(232, 232, 234) : 75
(57, 55, 58) : 74
(149, 147, 150) : 74
(153, 151, 154) : 74
(201, 201, 203) : 74
(204, 204, 206) : 74
(230, 230, 232) : 74
(250, 250, 252) : 74
(254, 254, 255) : 74
(46, 44, 47) : 73
(217, 217, 219) : 73
(222, 222, 224) : 73
(48, 46, 49) : 72
(216, 216, 218) : 72
(252, 252, 254) : 72
(49, 47, 50) : 71
(53, 51, 54) : 71
(223, 223, 225) : 71
(42, 40, 43) : 70
(189, 189, 191) : 70
(51, 49, 52) : 69
(210, 210, 212) : 69
(38, 36, 39) : 67
(211, 211, 213) : 67
(236, 236, 238) : 67
(152, 150, 153) : 64
(35, 33, 36) : 63
(164, 162, 165) : 63
(43, 41, 44) : 62
(156, 154, 157) : 62
(219, 219, 221) : 62
(249, 249, 251) : 60
(37, 35, 38) : 59
(39, 37, 40) : 59
(40, 38, 41) : 59
(155, 153, 156) : 59
(215, 215, 217) : 59
(31, 29, 32) : 58
(158, 156, 159) : 56
(44, 42, 45) : 55
(151, 149, 152) : 55
(159, 157, 160) : 55
(165, 163, 166) : 55
(235, 235, 237) : 55
(160, 158, 161) : 54
(30, 28, 31) : 53
(157, 155, 158) : 53
(23, 21, 24) : 51
(25, 23, 26) : 51
(34, 32, 35) : 51
(32, 30, 33) : 50
(36, 34, 37) : 50
(162, 160, 163) : 50
(14, 12, 15) : 49
(170, 168, 171) : 49
(161, 159, 162) : 48
(20, 18, 21) : 47
(26, 24, 27) : 47
(28, 26, 29) : 47
(33, 31, 34) : 47
(17, 15, 18) : 46
(18, 16, 19) : 45
(19, 17, 20) : 45
(169, 167, 170) : 45
(27, 25, 28) : 44
(29, 27, 30) : 43
(24, 22, 25) : 42
(174, 172, 175) : 42
(163, 161, 164) : 41
(168, 166, 169) : 41
(178, 176, 179) : 40
(12, 10, 13) : 39
(16, 14, 17) : 38
(21, 19, 22) : 38
(11, 9, 12) : 37
(22, 20, 23) : 37
(167, 165, 168) : 37
(171, 169, 172) : 37
(172, 170, 173) : 36
(13, 11, 14) : 35
(166, 164, 167) : 35
(179, 177, 180) : 35
(6, 4, 7) : 34
(173, 171, 174) : 33
(175, 173, 176) : 33
(182, 180, 183) : 33
(183, 181, 184) : 33
(10, 8, 11) : 31
(181, 179, 182) : 31
(187, 185, 188) : 31
(185, 183, 186) : 30
(188, 186, 189) : 30
(15, 13, 16) : 28
(189, 187, 190) : 28
(2, 0, 3) : 27
(8, 6, 9) : 27
(186, 184, 187) : 27
(5, 3, 6) : 26
(176, 174, 177) : 26
(177, 175, 178) : 26
(13, 12, 17) : 25
(20, 19, 24) : 25
(180, 178, 181) : 25
(195, 193, 196) : 25
(0, 0, 5) : 24
(3, 1, 4) : 24
(7, 5, 8) : 23
(9, 7, 10) : 23
(193, 191, 194) : 23
(6, 5, 10) : 22
(4, 2, 5) : 21
(16, 15, 20) : 20
(184, 182, 185) : 20
(199, 197, 200) : 20
(5, 4, 9) : 19
(8, 7, 12) : 19
(9, 8, 13) : 19
(11, 10, 15) : 19
(12, 11, 16) : 19
(21, 20, 25) : 19
(30, 29, 34) : 19
(194, 192, 195) : 19
(7, 6, 11) : 18
(22, 21, 26) : 18
(28, 27, 32) : 18
(66, 65, 70) : 18
(191, 189, 192) : 18
(1, 0, 5) : 17
(10, 9, 14) : 17
(17, 16, 21) : 17
(18, 17, 22) : 17
(24, 23, 28) : 17
(25, 24, 29) : 17
(29, 28, 33) : 17
(14, 13, 18) : 16
(27, 26, 31) : 16
(71, 70, 75) : 16
(192, 190, 193) : 16
(197, 195, 198) : 16
(15, 14, 19) : 15
(38, 37, 42) : 15
(96, 95, 100) : 15
(107, 102, 106) : 15
(113, 108, 112) : 15
(119, 114, 118) : 15
(200, 198, 201) : 15
(2, 1, 6) : 14
(3, 2, 7) : 14
(39, 38, 43) : 14
(67, 66, 71) : 14
(96, 91, 95) : 14
(113, 108, 114) : 14
(133, 131, 132) : 14
(202, 200, 203) : 14
(23, 22, 27) : 13
(32, 31, 36) : 13
(33, 32, 37) : 13
(36, 35, 40) : 13
(47, 46, 51) : 13
(49, 48, 53) : 13
(52, 51, 56) : 13
(55, 54, 59) : 13
(56, 55, 60) : 13
(72, 71, 76) : 13
(78, 73, 77) : 13
(86, 81, 85) : 13
(94, 89, 93) : 13
(100, 95, 99) : 13
(119, 118, 123) : 13
(136, 134, 135) : 13
(190, 188, 191) : 13
(204, 202, 205) : 13
(205, 203, 206) : 13
(206, 204, 207) : 13
(4, 3, 8) : 12
(46, 45, 50) : 12
(60, 59, 64) : 12
(65, 64, 69) : 12
(68, 67, 72) : 12
(70, 69, 74) : 12
(75, 70, 74) : 12
(85, 84, 89) : 12
(99, 94, 98) : 12
(101, 100, 105) : 12
(111, 106, 112) : 12
(117, 112, 116) : 12
(138, 136, 137) : 12
(203, 201, 204) : 12
(220, 218, 221) : 12
(224, 222, 225) : 12
(242, 240, 243) : 12
(254, 252, 255) : 12
(19, 18, 23) : 11
(26, 25, 30) : 11
(35, 34, 39) : 11
(59, 58, 63) : 11
(66, 61, 65) : 11
(73, 72, 77) : 11
(83, 78, 82) : 11
(89, 84, 88) : 11
(93, 92, 97) : 11
(97, 92, 98) : 11
(111, 106, 110) : 11
(116, 111, 117) : 11
(121, 116, 120) : 11
(124, 122, 123) : 11
(127, 125, 126) : 11
(201, 199, 202) : 11
(208, 206, 209) : 11
(228, 226, 229) : 11
(249, 247, 250) : 11
(31, 30, 35) : 10
(34, 33, 38) : 10
(40, 39, 44) : 10
(44, 43, 48) : 10
(48, 47, 52) : 10
(53, 52, 57) : 10
(56, 51, 55) : 10
(58, 57, 62) : 10
(69, 64, 68) : 10
(85, 80, 84) : 10
(88, 83, 87) : 10
(88, 87, 92) : 10
(92, 91, 96) : 10
(95, 90, 94) : 10
(100, 99, 104) : 10
(103, 98, 102) : 10
(106, 101, 105) : 10
(108, 103, 107) : 10
(109, 104, 108) : 10
(110, 105, 111) : 10
(114, 109, 115) : 10
(114, 113, 118) : 10
(115, 110, 114) : 10
(120, 115, 119) : 10
(121, 116, 122) : 10
(124, 119, 123) : 10
(129, 127, 128) : 10
(131, 129, 130) : 10
(133, 128, 134) : 10
(141, 136, 140) : 10
(196, 194, 197) : 10
(198, 196, 199) : 10
(215, 213, 216) : 10
(227, 225, 228) : 10
(231, 229, 232) : 10
(237, 235, 238) : 10
(240, 238, 241) : 10
(246, 244, 247) : 10
(251, 249, 252) : 10
(36, 35, 41) : 9
(41, 40, 45) : 9
(54, 53, 58) : 9
(59, 54, 58) : 9
(61, 56, 60) : 9
(64, 63, 68) : 9
(72, 67, 71) : 9
(76, 71, 75) : 9
(76, 75, 80) : 9
(91, 86, 90) : 9
(94, 93, 98) : 9
(101, 96, 100) : 9
(105, 100, 104) : 9
(106, 101, 107) : 9
(109, 108, 113) : 9
(112, 107, 111) : 9
(112, 107, 113) : 9
(115, 110, 116) : 9
(119, 117, 118) : 9
(122, 117, 121) : 9
(123, 121, 122) : 9
(123, 122, 127) : 9
(125, 120, 124) : 9
(126, 121, 125) : 9
(128, 123, 127) : 9
(133, 132, 137) : 9
(134, 132, 133) : 9
(139, 137, 138) : 9
(140, 138, 139) : 9
(148, 143, 147) : 9
(213, 211, 214) : 9
(219, 217, 220) : 9
(223, 221, 224) : 9
(229, 227, 230) : 9
(230, 228, 231) : 9
(232, 230, 233) : 9
(243, 241, 244) : 9
(244, 242, 245) : 9
(250, 248, 251) : 9
(252, 250, 253) : 9
(9, 8, 14) : 8
(20, 19, 25) : 8
(43, 42, 47) : 8
(45, 44, 49) : 8
(50, 49, 54) : 8
(51, 50, 55) : 8
(54, 49, 53) : 8
(61, 60, 65) : 8
(64, 59, 63) : 8
(70, 65, 69) : 8
(77, 72, 76) : 8
(77, 76, 81) : 8
(79, 74, 78) : 8
(82, 81, 86) : 8
(89, 88, 93) : 8
(96, 91, 97) : 8
(98, 97, 102) : 8
(102, 101, 106) : 8
(104, 99, 103) : 8
(106, 105, 110) : 8
(107, 102, 108) : 8
(113, 111, 116) : 8
(119, 114, 120) : 8
(120, 115, 121) : 8
(122, 120, 125) : 8
(123, 118, 124) : 8
(127, 122, 126) : 8
(127, 122, 128) : 8
(129, 124, 128) : 8
(138, 137, 142) : 8
(141, 139, 140) : 8
(148, 147, 152) : 8
(156, 151, 155) : 8
(171, 166, 170) : 8
(209, 207, 210) : 8
(214, 212, 215) : 8
(218, 216, 219) : 8
(233, 231, 234) : 8
(234, 232, 235) : 8
(248, 246, 249) : 8
(253, 251, 254) : 8
(3, 0, 2) : 7
(42, 41, 46) : 7
(57, 56, 61) : 7
(62, 61, 66) : 7
(63, 62, 67) : 7
(69, 68, 73) : 7
(71, 66, 70) : 7
(80, 75, 79) : 7
(80, 79, 84) : 7
(83, 82, 87) : 7
(84, 83, 88) : 7
(86, 85, 90) : 7
(87, 86, 91) : 7
(88, 83, 89) : 7
(92, 87, 91) : 7
(93, 88, 92) : 7
(95, 94, 99) : 7
(98, 93, 97) : 7
(99, 98, 103) : 7
(102, 100, 105) : 7
(105, 104, 109) : 7
(108, 103, 109) : 7
(110, 103, 111) : 7
(110, 105, 109) : 7
(110, 109, 114) : 7
(116, 114, 115) : 7
(116, 115, 120) : 7
(118, 117, 122) : 7
(122, 117, 123) : 7
(126, 121, 127) : 7
(126, 124, 129) : 7
(128, 127, 132) : 7
(129, 128, 133) : 7
(130, 128, 129) : 7
(130, 129, 134) : 7
(135, 130, 134) : 7
(135, 133, 134) : 7
(136, 131, 135) : 7
(136, 135, 140) : 7
(144, 139, 143) : 7
(155, 150, 154) : 7
(172, 171, 176) : 7
(207, 205, 208) : 7
(210, 208, 211) : 7
(211, 209, 212) : 7
(216, 214, 217) : 7
(225, 223, 226) : 7
(235, 233, 236) : 7
(239, 237, 240) : 7
(245, 243, 246) : 7
(247, 245, 248) : 7
(248, 246, 247) : 7
(1, 0, 6) : 6
(2, 1, 7) : 6
(10, 9, 15) : 6
(18, 17, 23) : 6
(22, 21, 27) : 6
(35, 34, 40) : 6
(50, 48, 53) : 6
(52, 47, 51) : 6
(60, 55, 59) : 6
(62, 57, 61) : 6
(63, 58, 62) : 6
(67, 62, 66) : 6
(68, 63, 67) : 6
(73, 68, 72) : 6
(74, 73, 78) : 6
(75, 70, 76) : 6
(79, 78, 83) : 6
(81, 76, 80) : 6
(81, 80, 85) : 6
(84, 79, 83) : 6
(87, 82, 86) : 6
(87, 85, 90) : 6
(90, 89, 94) : 6
(91, 86, 92) : 6
(95, 90, 96) : 6
(97, 96, 101) : 6
(98, 93, 99) : 6
(100, 95, 101) : 6
(101, 96, 102) : 6
(102, 97, 103) : 6
(104, 99, 105) : 6
(107, 106, 111) : 6
(108, 107, 112) : 6
(109, 104, 110) : 6
(112, 111, 116) : 6
(114, 112, 117) : 6
(115, 113, 118) : 6
(115, 114, 119) : 6
(116, 111, 115) : 6
(117, 112, 118) : 6
(118, 113, 117) : 6
(118, 113, 119) : 6
(119, 117, 122) : 6
(121, 119, 120) : 6
(122, 120, 121) : 6
(122, 121, 126) : 6
(123, 118, 122) : 6
(123, 121, 126) : 6
(125, 124, 129) : 6
(126, 124, 125) : 6
(126, 125, 130) : 6
(129, 124, 130) : 6
(130, 125, 131) : 6
(130, 128, 133) : 6
(131, 126, 130) : 6
(134, 129, 133) : 6
(135, 134, 139) : 6
(137, 132, 136) : 6
(137, 136, 141) : 6
(139, 134, 138) : 6
(140, 139, 144) : 6
(141, 140, 145) : 6
(142, 137, 141) : 6
(142, 140, 141) : 6
(143, 141, 142) : 6
(145, 140, 144) : 6
(151, 150, 155) : 6
(158, 157, 162) : 6
(165, 160, 164) : 6
(208, 206, 207) : 6
(217, 215, 218) : 6
(221, 219, 222) : 6
(222, 220, 223) : 6
(225, 223, 224) : 6
(234, 233, 238) : 6
(255, 253, 255) : 6
(1, 0, 4) : 5
(5, 4, 10) : 5
(11, 10, 16) : 5
(12, 11, 17) : 5
(19, 18, 24) : 5
(24, 19, 23) : 5
(30, 25, 29) : 5
(41, 40, 46) : 5
(44, 39, 43) : 5
(45, 43, 48) : 5
(47, 42, 46) : 5
(49, 44, 50) : 5
(51, 46, 50) : 5
(52, 51, 57) : 5
(53, 48, 52) : 5
(55, 53, 58) : 5
(58, 57, 63) : 5
(59, 58, 64) : 5
(65, 60, 64) : 5
(70, 64, 68) : 5
(72, 71, 77) : 5
(73, 68, 74) : 5
(80, 75, 81) : 5
(80, 78, 83) : 5
(82, 77, 81) : 5
(82, 77, 83) : 5
(84, 78, 82) : 5
(85, 79, 83) : 5
(87, 81, 85) : 5
(87, 82, 88) : 5
(90, 85, 89) : 5
(97, 92, 96) : 5
(99, 94, 100) : 5
(102, 97, 101) : 5
(103, 98, 104) : 5
(103, 102, 107) : 5
(104, 103, 108) : 5
(105, 103, 108) : 5
(106, 104, 109) : 5
(107, 105, 110) : 5
(109, 107, 112) : 5
(111, 110, 115) : 5
(113, 112, 117) : 5
(120, 119, 124) : 5
(121, 119, 124) : 5
(124, 119, 125) : 5
(124, 122, 127) : 5
(125, 120, 126) : 5
(132, 130, 131) : 5
(132, 131, 136) : 5
(133, 127, 131) : 5
(137, 132, 138) : 5
(138, 133, 137) : 5
(139, 133, 137) : 5
(139, 134, 140) : 5
(141, 136, 142) : 5
(144, 142, 143) : 5
(146, 145, 150) : 5
(149, 144, 148) : 5
(151, 149, 150) : 5
(152, 147, 151) : 5
(154, 149, 153) : 5
(156, 151, 157) : 5
(158, 153, 157) : 5
(161, 160, 165) : 5
(178, 177, 182) : 5
(191, 190, 195) : 5
(203, 202, 207) : 5
(212, 210, 213) : 5
(224, 222, 223) : 5
(226, 224, 227) : 5
(231, 230, 235) : 5
(236, 234, 237) : 5
(241, 239, 242) : 5
(243, 241, 242) : 5
(243, 242, 247) : 5
(3, 2, 8) : 4
(6, 5, 11) : 4
(7, 6, 12) : 4
(8, 7, 13) : 4
(14, 13, 19) : 4
(15, 14, 20) : 4
(17, 16, 22) : 4
(25, 24, 30) : 4
(27, 26, 32) : 4
(28, 27, 33) : 4
(29, 24, 28) : 4
(29, 28, 34) : 4
(33, 32, 38) : 4
(34, 33, 39) : 4
(37, 36, 41) : 4
(37, 36, 42) : 4
(38, 33, 37) : 4
(40, 35, 39) : 4
(43, 38, 42) : 4
(45, 40, 44) : 4
(48, 43, 47) : 4
(50, 49, 55) : 4
(54, 52, 57) : 4
(55, 50, 54) : 4
(57, 52, 56) : 4
(60, 58, 63) : 4
(66, 64, 69) : 4
(68, 62, 66) : 4
(70, 65, 71) : 4
(71, 70, 76) : 4
(72, 67, 73) : 4
(72, 70, 75) : 4
(74, 69, 73) : 4
(74, 72, 77) : 4
(75, 74, 79) : 4
(76, 71, 77) : 4
(77, 75, 80) : 4
(78, 73, 79) : 4
(79, 77, 82) : 4
(80, 73, 81) : 4
(81, 79, 84) : 4
(83, 78, 84) : 4
(85, 80, 86) : 4
(85, 84, 90) : 4
(86, 81, 87) : 4
(91, 85, 89) : 4
(91, 89, 94) : 4
(91, 90, 95) : 4
(92, 87, 93) : 4
(93, 88, 94) : 4
(93, 91, 96) : 4
(101, 99, 100) : 4
(103, 97, 101) : 4
(104, 102, 103) : 4
(111, 109, 110) : 4
(111, 109, 114) : 4
(113, 111, 112) : 4
(114, 109, 113) : 4
(114, 112, 113) : 4
(115, 113, 114) : 4
(115, 114, 120) : 4
(117, 111, 115) : 4
(117, 116, 121) : 4
(118, 116, 121) : 4
(119, 113, 117) : 4
(120, 118, 119) : 4
(121, 120, 125) : 4
(124, 123, 128) : 4
(127, 124, 131) : 4
(128, 122, 126) : 4
(128, 123, 129) : 4
(128, 126, 127) : 4
(131, 130, 135) : 4
(132, 127, 131) : 4
(134, 129, 135) : 4
(134, 133, 138) : 4
(140, 135, 139) : 4
(140, 135, 141) : 4
(140, 138, 143) : 4
(143, 138, 142) : 4
(143, 138, 144) : 4
(144, 143, 148) : 4
(145, 144, 149) : 4
(146, 144, 145) : 4
(147, 145, 146) : 4
(147, 146, 151) : 4
(150, 148, 149) : 4
(150, 149, 154) : 4
(151, 146, 152) : 4
(153, 148, 152) : 4
(154, 152, 153) : 4
(155, 150, 156) : 4
(155, 153, 154) : 4
(156, 154, 155) : 4
(158, 156, 157) : 4
(163, 158, 162) : 4
(163, 162, 167) : 4
(165, 163, 168) : 4
(168, 163, 167) : 4
(168, 167, 172) : 4
(169, 164, 168) : 4
(174, 173, 178) : 4
(175, 170, 174) : 4
(179, 178, 183) : 4
(181, 176, 180) : 4
(182, 177, 181) : 4
(187, 182, 186) : 4
(207, 205, 206) : 4
(207, 206, 211) : 4
(230, 228, 229) : 4
(232, 230, 231) : 4
(240, 238, 239) : 4
(255, 253, 254) : 4
(4, 3, 9) : 3
(8, 3, 7) : 3
(16, 15, 21) : 3
(19, 14, 18) : 3
(21, 20, 26) : 3
(25, 20, 24) : 3
(26, 25, 31) : 3
(30, 28, 33) : 3
(31, 26, 30) : 3
(32, 31, 37) : 3
(36, 31, 35) : 3
(38, 37, 43) : 3
(39, 37, 42) : 3
(40, 39, 45) : 3
(42, 37, 41) : 3
(42, 41, 47) : 3
(43, 42, 48) : 3
(44, 38, 42) : 3
(46, 45, 51) : 3
(47, 42, 48) : 3
(49, 44, 48) : 3
(49, 47, 52) : 3
(49, 48, 54) : 3
(50, 45, 49) : 3
(52, 46, 50) : 3
(52, 50, 55) : 3
(54, 53, 59) : 3
(57, 56, 62) : 3
(59, 54, 60) : 3
(60, 59, 65) : 3
(62, 60, 65) : 3
(65, 60, 66) : 3
(66, 65, 71) : 3
(67, 61, 65) : 3
(68, 63, 69) : 3
(68, 67, 73) : 3
(71, 68, 75) : 3
(71, 69, 74) : 3
(73, 72, 78) : 3
(76, 75, 81) : 3
(77, 71, 75) : 3
(78, 75, 82) : 3
(78, 77, 82) : 3
(81, 74, 82) : 3
(81, 76, 82) : 3
(82, 76, 80) : 3
(82, 81, 87) : 3
(83, 81, 82) : 3
(84, 79, 85) : 3
(84, 82, 87) : 3
(84, 83, 89) : 3
(85, 78, 86) : 3
(86, 84, 89) : 3
(88, 86, 91) : 3
(88, 87, 93) : 3
(89, 82, 90) : 3
(90, 84, 88) : 3
(90, 89, 95) : 3
(92, 90, 95) : 3
(93, 92, 98) : 3
(94, 88, 92) : 3
(94, 93, 99) : 3
(95, 93, 98) : 3
(96, 94, 99) : 3
(98, 91, 99) : 3
(100, 94, 98) : 3
(100, 97, 104) : 3
(100, 98, 103) : 3
(103, 101, 106) : 3
(104, 98, 102) : 3
(104, 101, 108) : 3
(105, 100, 106) : 3
(106, 100, 104) : 3
(107, 101, 105) : 3
(108, 101, 109) : 3
(109, 103, 107) : 3
(109, 107, 108) : 3
(110, 108, 109) : 3
(110, 109, 115) : 3
(111, 108, 115) : 3
(111, 110, 116) : 3
(112, 105, 113) : 3
(112, 110, 115) : 3
(113, 107, 111) : 3
(119, 112, 120) : 3
(120, 114, 118) : 3
(120, 119, 125) : 3
(122, 121, 127) : 3
(123, 117, 121) : 3
(125, 119, 123) : 3
(125, 123, 124) : 3
(127, 121, 125) : 3
(127, 125, 130) : 3
(127, 126, 131) : 3
(129, 123, 127) : 3
(129, 127, 132) : 3
(131, 125, 129) : 3
(131, 126, 132) : 3
(131, 129, 134) : 3
(133, 128, 132) : 3
(134, 128, 132) : 3
(135, 129, 133) : 3
(136, 131, 137) : 3
(137, 135, 136) : 3
(142, 141, 146) : 3
(145, 140, 146) : 3
(145, 143, 144) : 3
(146, 141, 145) : 3
(148, 147, 153) : 3
(149, 147, 148) : 3
(149, 147, 152) : 3
(149, 148, 153) : 3
(152, 151, 156) : 3
(153, 147, 151) : 3
(156, 155, 160) : 3
(157, 152, 156) : 3
(157, 156, 161) : 3
(159, 157, 158) : 3
(160, 159, 164) : 3
(161, 159, 164) : 3
(167, 162, 166) : 3
(168, 166, 171) : 3
(170, 168, 173) : 3
(174, 169, 173) : 3
(176, 175, 180) : 3
(180, 179, 184) : 3
(182, 180, 181) : 3
(186, 185, 190) : 3
(187, 186, 191) : 3
(190, 185, 189) : 3
(195, 194, 199) : 3
(197, 192, 196) : 3
(197, 196, 201) : 3
(205, 204, 209) : 3
(206, 204, 205) : 3
(208, 207, 212) : 3
(209, 208, 213) : 3
(212, 210, 215) : 3
(214, 213, 218) : 3
(218, 216, 217) : 3
(225, 224, 229) : 3
(227, 225, 226) : 3
(230, 229, 234) : 3
(236, 234, 235) : 3
(238, 237, 242) : 3
(241, 240, 245) : 3
(242, 240, 241) : 3
(244, 242, 243) : 3
(245, 243, 244) : 3
(246, 244, 245) : 3
(251, 249, 250) : 3
(4, 0, 2) : 2
(5, 0, 4) : 2
(8, 6, 11) : 2
(10, 5, 9) : 2
(13, 12, 18) : 2
(14, 9, 13) : 2
(17, 12, 16) : 2
(21, 16, 20) : 2
(23, 18, 22) : 2
(23, 22, 28) : 2
(24, 23, 29) : 2
(28, 23, 27) : 2
(29, 27, 32) : 2
(32, 29, 36) : 2
(34, 32, 37) : 2
(35, 30, 34) : 2
(35, 33, 38) : 2
(36, 34, 39) : 2
(37, 32, 36) : 2
(39, 34, 38) : 2
(39, 38, 44) : 2
(40, 35, 41) : 2
(44, 39, 45) : 2
(44, 41, 48) : 2
(44, 42, 47) : 2
(44, 43, 49) : 2
(45, 44, 50) : 2
(46, 44, 49) : 2
(47, 46, 52) : 2
(48, 45, 52) : 2
(48, 47, 53) : 2
(49, 46, 53) : 2
(50, 45, 51) : 2
(50, 48, 49) : 2
(52, 47, 53) : 2
(53, 52, 58) : 2
(54, 48, 52) : 2
(55, 54, 60) : 2
(56, 50, 54) : 2
(56, 55, 61) : 2
(57, 51, 55) : 2
(57, 52, 58) : 2
(58, 51, 59) : 2
(58, 52, 56) : 2
(59, 53, 57) : 2
(59, 57, 62) : 2
(60, 53, 61) : 2
(61, 60, 66) : 2
(62, 56, 60) : 2
(63, 57, 61) : 2
(63, 58, 64) : 2
(63, 61, 66) : 2
(63, 62, 68) : 2
(64, 62, 67) : 2
(64, 63, 69) : 2
(65, 64, 70) : 2
(66, 59, 67) : 2
(66, 60, 64) : 2
(67, 62, 68) : 2
(67, 65, 70) : 2
(68, 66, 67) : 2
(68, 66, 71) : 2
(69, 63, 67) : 2
(69, 64, 70) : 2
(70, 69, 75) : 2
(71, 64, 72) : 2
(72, 66, 70) : 2
(73, 67, 71) : 2
(73, 71, 72) : 2
(74, 69, 75) : 2
(74, 72, 73) : 2
(75, 69, 73) : 2
(75, 72, 79) : 2
(75, 73, 78) : 2
(75, 74, 80) : 2
(76, 69, 77) : 2
(76, 73, 80) : 2
(77, 70, 78) : 2
(77, 72, 78) : 2
(78, 72, 76) : 2
(78, 76, 81) : 2
(78, 77, 83) : 2
(79, 73, 77) : 2
(79, 78, 84) : 2
(80, 79, 85) : 2
(81, 78, 85) : 2
(83, 77, 81) : 2
(84, 77, 85) : 2
(86, 85, 91) : 2
(87, 84, 91) : 2
(88, 82, 86) : 2
(88, 86, 87) : 2
(89, 87, 92) : 2
(91, 90, 96) : 2
(92, 85, 93) : 2
(92, 86, 90) : 2
(92, 90, 91) : 2
(94, 92, 97) : 2
(96, 90, 94) : 2
(96, 95, 101) : 2
(98, 96, 97) : 2
(98, 96, 101) : 2
(98, 97, 103) : 2
(99, 93, 97) : 2
(99, 97, 102) : 2
(99, 98, 104) : 2
(100, 98, 99) : 2
(100, 99, 105) : 2
(101, 94, 102) : 2
(101, 95, 99) : 2
(101, 98, 105) : 2
(101, 99, 104) : 2
(102, 101, 107) : 2
(103, 96, 104) : 2
(103, 102, 108) : 2
(105, 98, 106) : 2
(105, 99, 103) : 2
(105, 102, 109) : 2
(106, 103, 110) : 2
(106, 104, 105) : 2
(106, 105, 111) : 2
(107, 100, 108) : 2
(107, 105, 106) : 2
(108, 102, 106) : 2
(108, 107, 113) : 2
(109, 108, 114) : 2
(110, 104, 108) : 2
(110, 108, 113) : 2
(111, 105, 109) : 2
(113, 106, 114) : 2
(113, 110, 117) : 2
(113, 112, 118) : 2
(114, 108, 112) : 2
(116, 114, 119) : 2
(117, 115, 116) : 2
(117, 115, 120) : 2
(118, 116, 117) : 2
(120, 118, 123) : 2
(121, 114, 122) : 2
(121, 118, 125) : 2
(121, 120, 126) : 2
(123, 116, 124) : 2
(123, 120, 127) : 2
(123, 122, 128) : 2
(125, 123, 128) : 2
(125, 124, 130) : 2
(126, 119, 127) : 2
(128, 127, 133) : 2
(130, 123, 131) : 2
(130, 125, 129) : 2
(132, 126, 130) : 2
(132, 127, 133) : 2
(132, 130, 135) : 2
(133, 131, 136) : 2
(135, 133, 138) : 2
(136, 129, 137) : 2
(137, 135, 140) : 2
(139, 137, 142) : 2
(139, 138, 143) : 2
(141, 135, 139) : 2
(142, 137, 143) : 2
(142, 140, 145) : 2
(143, 141, 146) : 2
(143, 142, 148) : 2
(144, 141, 148) : 2
(144, 143, 149) : 2
(145, 139, 143) : 2
(146, 143, 150) : 2
(147, 142, 148) : 2
(148, 142, 146) : 2
(148, 143, 149) : 2
(148, 146, 147) : 2
(150, 144, 148) : 2
(150, 145, 149) : 2
(150, 145, 151) : 2
(152, 147, 153) : 2
(153, 151, 152) : 2
(153, 151, 156) : 2
(154, 153, 158) : 2
(155, 154, 159) : 2
(156, 155, 161) : 2
(159, 153, 157) : 2
(159, 154, 158) : 2
(160, 155, 159) : 2
(162, 156, 160) : 2
(163, 158, 164) : 2
(165, 160, 166) : 2
(165, 163, 164) : 2
(166, 161, 165) : 2
(166, 161, 167) : 2
(166, 164, 165) : 2
(166, 165, 170) : 2
(167, 166, 171) : 2
(171, 169, 170) : 2
(173, 171, 172) : 2
(174, 172, 177) : 2
(176, 171, 175) : 2
(176, 171, 177) : 2
(176, 175, 181) : 2
(177, 172, 178) : 2
(177, 176, 181) : 2
(178, 177, 183) : 2
(179, 174, 178) : 2
(179, 177, 178) : 2
(179, 178, 184) : 2
(181, 180, 185) : 2
(183, 178, 182) : 2
(183, 178, 184) : 2
(183, 181, 186) : 2
(184, 182, 183) : 2
(184, 183, 189) : 2
(188, 187, 192) : 2
(189, 184, 188) : 2
(191, 186, 190) : 2
(191, 188, 195) : 2
(193, 192, 197) : 2
(194, 193, 198) : 2
(196, 191, 195) : 2
(198, 197, 202) : 2
(199, 198, 203) : 2
(200, 198, 199) : 2
(200, 199, 204) : 2
(201, 196, 200) : 2
(201, 199, 200) : 2
(202, 197, 201) : 2
(202, 200, 201) : 2
(203, 201, 206) : 2
(204, 199, 203) : 2
(204, 203, 208) : 2
(205, 203, 204) : 2
(206, 201, 205) : 2
(211, 209, 210) : 2
(212, 207, 211) : 2
(213, 212, 217) : 2
(214, 209, 213) : 2
(215, 213, 214) : 2
(216, 214, 215) : 2
(217, 216, 222) : 2
(220, 218, 219) : 2
(221, 220, 225) : 2
(222, 221, 226) : 2
(223, 221, 222) : 2
(224, 223, 228) : 2
(226, 224, 225) : 2
(226, 225, 230) : 2
(227, 226, 231) : 2
(230, 225, 229) : 2
(231, 230, 236) : 2
(233, 232, 237) : 2
(235, 233, 234) : 2
(236, 235, 240) : 2
(237, 235, 236) : 2
(238, 236, 237) : 2
(238, 236, 239) : 2
(247, 245, 246) : 2
(249, 247, 248) : 2
(250, 248, 249) : 2
(251, 246, 250) : 2
(252, 250, 251) : 2
(253, 251, 252) : 2
(253, 252, 255) : 2
(1, 0, 0) : 1
(2, 0, 5) : 1
(2, 0, 6) : 1
(3, 1, 6) : 1
(4, 0, 3) : 1
(4, 2, 7) : 1
(6, 1, 5) : 1
(7, 2, 6) : 1
(7, 4, 11) : 1
(9, 3, 7) : 1
(9, 4, 8) : 1
(10, 5, 11) : 1
(10, 7, 14) : 1
(11, 6, 10) : 1
(12, 9, 16) : 1
(13, 8, 12) : 1
(13, 11, 16) : 1
(14, 11, 18) : 1
(14, 12, 17) : 1
(15, 9, 13) : 1
(15, 10, 14) : 1
(16, 11, 15) : 1
(17, 11, 15) : 1
(18, 13, 17) : 1
(19, 14, 20) : 1
(20, 15, 19) : 1
(20, 18, 23) : 1
(22, 16, 20) : 1
(22, 17, 21) : 1
(24, 19, 25) : 1
(24, 22, 27) : 1
(25, 23, 28) : 1
(26, 19, 27) : 1
(26, 20, 24) : 1
(26, 21, 25) : 1
(27, 22, 26) : 1
(28, 26, 31) : 1
(29, 23, 27) : 1
(30, 27, 34) : 1
(30, 29, 35) : 1
(31, 26, 32) : 1
(31, 29, 34) : 1
(31, 30, 36) : 1
(32, 30, 35) : 1
(33, 27, 31) : 1
(33, 28, 32) : 1
(33, 28, 34) : 1
(33, 30, 37) : 1
(34, 27, 35) : 1
(34, 29, 35) : 1
(34, 31, 38) : 1
(35, 30, 36) : 1
(36, 33, 40) : 1
(37, 31, 35) : 1
(37, 32, 38) : 1
(38, 36, 37) : 1
(38, 36, 41) : 1
(40, 38, 39) : 1
(40, 38, 43) : 1
(41, 36, 40) : 1
(41, 39, 44) : 1
(42, 40, 45) : 1
(43, 37, 41) : 1
(43, 38, 44) : 1
(45, 39, 43) : 1
(46, 41, 45) : 1
(46, 41, 47) : 1
(46, 43, 50) : 1
(47, 40, 48) : 1
(48, 43, 49) : 1
(48, 46, 51) : 1
(49, 43, 47) : 1
(50, 44, 48) : 1
(50, 47, 54) : 1
(51, 45, 49) : 1
(51, 46, 52) : 1
(51, 49, 54) : 1
(51, 50, 56) : 1
(53, 50, 57) : 1
(53, 51, 56) : 1
(54, 49, 55) : 1
(54, 51, 58) : 1
(55, 48, 56) : 1
(55, 49, 53) : 1
(55, 50, 56) : 1
(55, 52, 59) : 1
(56, 51, 57) : 1
(56, 54, 55) : 1
(56, 54, 59) : 1
(57, 54, 61) : 1
(57, 55, 60) : 1
(58, 53, 57) : 1
(58, 55, 62) : 1
(58, 56, 61) : 1
(59, 52, 60) : 1
(59, 54, 61) : 1
(59, 56, 63) : 1
(59, 57, 58) : 1
(60, 54, 58) : 1
(60, 55, 61) : 1
(61, 55, 59) : 1
(61, 59, 64) : 1
(62, 55, 63) : 1
(62, 59, 66) : 1
(62, 61, 67) : 1
(64, 58, 62) : 1
(64, 59, 65) : 1
(64, 61, 68) : 1
(65, 63, 68) : 1
(66, 61, 67) : 1
(66, 64, 65) : 1
(67, 60, 68) : 1
(67, 64, 71) : 1
(67, 66, 72) : 1
(68, 65, 72) : 1
(69, 62, 70) : 1
(70, 68, 73) : 1
(71, 66, 72) : 1
(72, 70, 71) : 1
(73, 71, 76) : 1
(74, 67, 75) : 1
(74, 68, 72) : 1
(74, 73, 79) : 1
(76, 70, 74) : 1
(78, 71, 79) : 1
(79, 72, 80) : 1
(79, 74, 80) : 1
(79, 77, 78) : 1
(80, 74, 78) : 1
(80, 78, 79) : 1
(81, 75, 79) : 1
(81, 80, 86) : 1
(82, 79, 86) : 1
(82, 80, 85) : 1
(83, 76, 83) : 1
(83, 80, 87) : 1
(83, 81, 86) : 1
(83, 82, 88) : 1
(85, 83, 88) : 1
(87, 85, 86) : 1
(87, 86, 92) : 1
(89, 83, 87) : 1
(89, 84, 90) : 1
(89, 86, 93) : 1
(90, 85, 91) : 1
(90, 87, 94) : 1
(90, 88, 89) : 1
(90, 88, 93) : 1
(91, 84, 92) : 1
(91, 88, 95) : 1
(91, 89, 90) : 1
(92, 89, 96) : 1
(92, 91, 97) : 1
(93, 86, 94) : 1
(93, 87, 91) : 1
(94, 89, 95) : 1
(94, 91, 98) : 1
(94, 92, 93) : 1
(95, 88, 96) : 1
(95, 89, 93) : 1
(96, 89, 97) : 1
(97, 95, 96) : 1
(97, 95, 100) : 1
(97, 96, 102) : 1
(98, 92, 96) : 1
(99, 92, 100) : 1
(99, 96, 103) : 1
(100, 93, 101) : 1
(101, 100, 106) : 1
(102, 96, 100) : 1
(102, 99, 106) : 1
(103, 101, 102) : 1
(104, 97, 105) : 1
(104, 103, 109) : 1
(105, 104, 110) : 1
(106, 99, 107) : 1
(107, 104, 111) : 1
(107, 106, 112) : 1
(108, 105, 112) : 1
(108, 106, 107) : 1
(108, 106, 111) : 1
(109, 102, 110) : 1
(110, 107, 114) : 1
(112, 106, 110) : 1
(112, 110, 111) : 1
(114, 111, 118) : 1
(115, 108, 116) : 1
(115, 109, 113) : 1
(116, 109, 117) : 1
(116, 113, 120) : 1
(116, 115, 121) : 1
(117, 110, 118) : 1
(118, 111, 119) : 1
(118, 115, 122) : 1
(119, 118, 124) : 1
(121, 115, 119) : 1
(122, 115, 123) : 1
(122, 116, 120) : 1
(124, 118, 122) : 1
(124, 123, 129) : 1
(126, 120, 124) : 1
(126, 125, 131) : 1
(127, 120, 128) : 1
(128, 125, 132) : 1
(128, 126, 131) : 1
(129, 122, 130) : 1
(130, 124, 128) : 1
(131, 124, 132) : 1
(131, 130, 136) : 1
(133, 126, 134) : 1
(133, 130, 137) : 1
(133, 132, 138) : 1
(134, 131, 138) : 1
(134, 132, 137) : 1
(135, 128, 136) : 1
(135, 130, 136) : 1
(135, 132, 139) : 1
(135, 134, 140) : 1
(136, 133, 140) : 1
(136, 135, 141) : 1
(137, 130, 138) : 1
(137, 131, 135) : 1
(138, 132, 136) : 1
(138, 135, 142) : 1
(138, 136, 141) : 1
(139, 136, 143) : 1
(139, 138, 144) : 1
(140, 137, 144) : 1
(140, 139, 145) : 1
(141, 138, 145) : 1
(141, 140, 146) : 1
(142, 135, 143) : 1
(142, 136, 140) : 1
(143, 140, 147) : 1
(144, 138, 142) : 1
(144, 139, 145) : 1
(144, 142, 147) : 1
(145, 143, 148) : 1
(146, 140, 144) : 1
(146, 141, 147) : 1
(146, 144, 149) : 1
(146, 145, 151) : 1
(147, 140, 148) : 1
(147, 142, 146) : 1
(147, 146, 152) : 1
(148, 146, 151) : 1
(149, 144, 150) : 1
(149, 146, 153) : 1
(150, 143, 151) : 1
(150, 149, 155) : 1
(151, 146, 150) : 1
(151, 148, 155) : 1
(152, 146, 150) : 1
(152, 150, 151) : 1
(152, 151, 157) : 1
(153, 152, 157) : 1
(154, 147, 155) : 1
(154, 149, 155) : 1
(154, 152, 157) : 1
(155, 154, 160) : 1
(156, 153, 160) : 1
(156, 154, 159) : 1
(157, 151, 155) : 1
(157, 152, 158) : 1
(157, 155, 156) : 1
(157, 155, 160) : 1
(158, 152, 156) : 1
(158, 153, 159) : 1
(158, 155, 162) : 1
(158, 156, 161) : 1
(159, 154, 160) : 1
(159, 156, 163) : 1
(159, 157, 162) : 1
(159, 158, 163) : 1
(160, 154, 158) : 1
(160, 155, 161) : 1
(160, 157, 164) : 1
(161, 159, 160) : 1
(161, 160, 166) : 1
(162, 159, 166) : 1
(162, 160, 161) : 1
(162, 161, 166) : 1
(162, 161, 167) : 1
(163, 157, 161) : 1
(163, 161, 162) : 1
(163, 161, 166) : 1
(163, 162, 168) : 1
(164, 159, 163) : 1
(164, 159, 165) : 1
(164, 162, 167) : 1
(164, 163, 169) : 1
(165, 164, 169) : 1
(166, 164, 169) : 1
(167, 160, 168) : 1
(167, 161, 165) : 1
(167, 162, 168) : 1
(167, 165, 166) : 1
(167, 165, 170) : 1
(167, 166, 172) : 1
(168, 163, 169) : 1
(168, 167, 173) : 1
(169, 163, 167) : 1
(169, 164, 170) : 1
(169, 168, 173) : 1
(170, 165, 169) : 1
(170, 165, 171) : 1
(170, 167, 174) : 1
(170, 169, 174) : 1
(171, 165, 169) : 1
(171, 166, 172) : 1
(171, 169, 174) : 1
(172, 167, 171) : 1
(172, 170, 171) : 1
(173, 170, 177) : 1
(173, 171, 176) : 1
(173, 172, 178) : 1
(174, 168, 172) : 1
(174, 173, 179) : 1
(175, 168, 176) : 1
(175, 169, 173) : 1
(175, 172, 179) : 1
(175, 173, 178) : 1
(175, 174, 179) : 1
(176, 174, 179) : 1
(177, 172, 176) : 1
(177, 175, 176) : 1
(178, 173, 177) : 1
(178, 173, 179) : 1
(179, 173, 177) : 1
(179, 177, 182) : 1
(180, 173, 181) : 1
(180, 175, 179) : 1
(180, 175, 181) : 1
(181, 178, 185) : 1
(181, 179, 184) : 1
(182, 176, 180) : 1
(182, 179, 186) : 1
(182, 180, 185) : 1
(183, 177, 181) : 1
(183, 180, 187) : 1
(183, 182, 187) : 1
(184, 178, 182) : 1
(184, 179, 183) : 1
(184, 182, 187) : 1
(184, 183, 188) : 1
(185, 180, 184) : 1
(186, 181, 185) : 1
(186, 181, 187) : 1
(186, 184, 185) : 1
(186, 184, 189) : 1
(186, 185, 191) : 1
(187, 185, 186) : 1
(187, 185, 190) : 1
(188, 183, 187) : 1
(188, 183, 189) : 1
(188, 186, 187) : 1
(188, 186, 191) : 1
(189, 188, 193) : 1
(189, 188, 194) : 1
(190, 188, 189) : 1
(190, 189, 194) : 1
(190, 189, 195) : 1
(191, 189, 194) : 1
(191, 190, 196) : 1
(192, 187, 191) : 1
(193, 188, 194) : 1
(193, 191, 192) : 1
(193, 192, 198) : 1
(194, 189, 193) : 1
(194, 192, 193) : 1
(195, 190, 194) : 1
(195, 193, 194) : 1
(196, 194, 195) : 1
(196, 195, 201) : 1
(197, 195, 200) : 1
(198, 193, 197) : 1
(198, 196, 201) : 1
(199, 197, 198) : 1
(199, 197, 202) : 1
(201, 198, 205) : 1
(201, 200, 205) : 1
(202, 200, 205) : 1
(203, 197, 201) : 1
(203, 202, 208) : 1
(204, 202, 203) : 1
(204, 203, 209) : 1
(206, 205, 210) : 1
(206, 205, 211) : 1
(209, 207, 208) : 1
(209, 208, 214) : 1
(210, 205, 209) : 1
(210, 208, 213) : 1
(211, 206, 210) : 1
(211, 208, 215) : 1
(211, 210, 215) : 1
(211, 210, 216) : 1
(212, 210, 211) : 1
(212, 211, 216) : 1
(214, 212, 213) : 1
(214, 212, 217) : 1
(215, 210, 214) : 1
(215, 213, 218) : 1
(216, 210, 214) : 1
(216, 211, 215) : 1
(216, 214, 219) : 1
(216, 215, 221) : 1
(217, 212, 216) : 1
(217, 215, 216) : 1
(217, 216, 221) : 1
(218, 217, 222) : 1
(219, 217, 218) : 1
(219, 217, 222) : 1
(220, 215, 219) : 1
(220, 218, 223) : 1
(221, 219, 220) : 1
(222, 220, 221) : 1
(222, 220, 225) : 1
(223, 222, 227) : 1
(228, 223, 227) : 1
(228, 226, 227) : 1
(228, 227, 232) : 1
(229, 227, 228) : 1
(229, 228, 233) : 1
(231, 226, 230) : 1
(231, 229, 230) : 1
(233, 231, 232) : 1
(234, 229, 233) : 1
(234, 232, 233) : 1
(235, 234, 239) : 1
(236, 233, 240) : 1
(237, 236, 241) : 1
(238, 237, 243) : 1
(240, 235, 239) : 1
(240, 239, 244) : 1
(241, 239, 240) : 1
(241, 239, 244) : 1
(242, 237, 241) : 1
(243, 238, 242) : 1
(244, 239, 243) : 1
(247, 246, 251) : 1
(248, 245, 252) : 1
(249, 244, 248) : 1
(249, 247, 252) : 1
(251, 250, 255) : 1
(253, 248, 252) : 1
(253, 250, 255) : 1
(254, 252, 253) : 1
